671
1057
1060
1062
1061
1059
1058
1071
1072
1170
1172
1171
1197
1198
1201
1200
1199
1108
1110
1113
1112
1111
1109
840
839
838
837
841
844
846
848
852
847
845
853
857
856
855
854
858
859
862
861
860
849
851
850
842
843
568
566
567
571
569
570
574
572
573
1301
1300
40
41
45
43
44
48
46
47
51
49
50
52
55
53
54
58
56
57
62
59
60
61
63
65
64
68
66
67
71
69
70
77
74
75
76
79
78
82
80
81
84
83
86
85
89
87
88
92
90
91
96
93
94
95
99
97
98
101
100
103
102
109
104
105
106
107
108
112
110
111
115
113
114
118
116
117
121
119
120
124
122
123
128
125
126
127
131
129
130
133
132
136
134
135
139
137
138
144
140
141
142
143
149
145
146
147
148
154
150
151
152
153
159
155
156
157
158
