1171
754
783
785
784
787
788
792
791
790
789
813
814
818
817
816
815
825
826
833
832
831
830
829
828
827
855
856
863
862
861
860
859
858
857
885
886
892
891
890
889
888
887
1377
1376
1378
1379
1382
1381
1380
1162
1161
1168
1126
1134
1135
786
554
994
987
988
839
838
837
840
864
866
865
869
868
867
870
871
874
873
872
875
876
878
877
1157
880
879
884
883
449
435
433
348
345
341
339
358
340
328
346
347
370
368
369
334
332
333
434
555
211
209
210
165
565
556
557
564
563
185
182
178
176
177
183
184
196
171
169
170
562
163
561
