1097
694
1096
1095
1094
1093
1092
1091
1090
1089
1088
695
698
697
696
1202
1287
1203
1539
1436
1427
1435
1434
1538
1527
1802
1543
1528
1348
1324
1529
1304
1303
1302
590
589
840
839
838
837
841
844
846
848
852
847
845
853
857
856
855
854
858
859
862
861
860
849
851
850
842
843
231
230
238
232
233
234
235
236
237
603
591
602
592
601
600
599
164
174
172
173
175
181
179
180
186
188
187
191
189
190
194
192
193
202
198
199
200
201
204
203
208
205
206
207
217
212
213
215
214
216
220
218
219
224
223
227
225
226
247
245
246
250
248
249
253
251
252
279
277
278
276
254
275
261
255
256
258
259
260
272
269
270
271
268
262
263
265
266
267
257
264
281
280
285
284
283
282
274
273
288
286
287
295
289
290
292
291
293
294
302
296
297
298
299
300
301
310
303
304
306
305
307
308
309
321
311
313
312
314
316
315
317
318
319
320
