1301
1300
2
0
1
5
1039
1041
1040
1038
1264
1280
986
1279
1278
1277
1276
1275
1274
1273
1272
1271
1270
1269
1268
1267
1266
1265
993
1070
992
991
990
989
988
987
1071
1072
1115
1117
1119
1118
1116
1204
1205
1211
1210
1209
1208
1207
1206
1252
1253
1259
1258
1257
1256
1255
1254
1386
1384
1385
1212
1213
1214
1215
1368
1363
1675
1674
1671
1672
1673
1365
1364
1353
1352
1351
1350
1497
1494
1490
1489
1488
1493
1492
1491
1224
1225
1226
1227
1260
1261
1262
1263
1746
1735
1743
1736
1741
1742
1236
1237
1238
1239
1248
1249
1250
1251
