682
898
677
678
676
900
902
905
901
899
907
909
965
908
906
968
918
967
966
920
923
922
921
919
925
927
926
931
933
936
935
934
932
938
940
939
912
913
916
915
914
969
974
975
973
972
971
970
910
903
679
976
977
978
979
980
981
911
904
944
946
948
958
947
945
959
962
961
960
963
964
949
954
957
956
955
953
950
952
951
924
937
917
1362
1359
1357
1356
1358
1355
1354
1361
1360
1367
1366
1371
1369
1554
1370
1374
1372
1373
1383
1375
1380
1381
1382
1379
1378
1377
1376
1408
1407
1396
1389
1393
1392
1391
1390
1388
1387
1395
1394
1399
1397
1398
1404
1400
1403
1402
1401
1406
1405
1419
1415
1417
1418
1416
1414
1434
1430
1432
1433
1431
1429
1425
1424
1450
1447
1448
1449
1477
1451
1631
1630
1629
1628
1474
1452
1453
1460
1461
1462
1463
1473
1472
1471
1470
1459
1455
1457
1458
1456
1454
1469
1465
1467
1468
1466
1464
1543
1476
1475
1487
1478
1484
1482
1481
1483
1480
1479
1486
1485
1594
1589
1591
1590
1496
1495
1509
1506
1501
1500
1502
1499
1498
1505
1504
1503
1508
1507
1527
1510
1524
1511
1512
1513
1516
1515
1514
1523
1522
1518
1520
1521
1519
1517
1526
1525
1538
1534
1537
1536
1535
1533
1532
1531
