714
931
709
710
708
933
935
938
934
932
940
942
1001
941
939
1004
952
1003
1002
954
957
956
955
953
960
962
961
966
968
971
970
969
967
974
976
975
945
946
949
948
947
1005
1010
1011
1009
1008
1007
1006
943
936
711
1012
1013
1014
1015
1016
1017
944
937
980
982
984
994
983
981
995
998
997
996
999
1000
985
990
993
992
991
989
986
988
987
958
959
972
973
950
951
841
842
845
844
843
846
847
849
848
851
850
852
909
911
913
923
912
910
924
927
926
925
928
929
930
914
919
922
921
920
918
915
917
916
901
902
860
859
862
861
863
1170
1173
1175
1177
1184
1176
1174
1187
1190
1189
1188
1186
1185
1191
1192
1178
1181
1183
1182
1171
1172
1193
1197
1196
1195
1194
1201
1202
1180
1179
1198
1199
1200
