682
678
933
936
935
934
932
938
940
939
912
913
916
915
914
974
975
973
972
971
970
976
977
978
979
910
980
981
984
983
982
681
680
944
946
948
958
947
945
959
962
961
960
963
964
949
954
957
956
955
953
950
952
951
924
928
937
941
449
326
325
327
328
331
329
330
334
332
333
337
335
336
338
341
339
340
344
342
343
348
345
346
347
349
351
350
354
352
353
357
355
356
358
361
359
360
363
362
365
364
370
368
369
367
366
373
371
372
375
374
377
376
380
378
379
382
381
384
383
389
385
386
387
388
392
390
391
395
393
394
398
396
397
401
399
400
404
402
403
407
405
406
423
422
421
410
409
408
420
411
413
412
415
414
417
416
419
418
1307
429
424
1306
1305
425
428
427
426
222
221
196
432
430
431
442
436
438
437
439
440
441
444
443
446
445
448
447
1410
1408
1409
1605
1601
1602
1610
1606
1607
