1304
1303
1302
1306
1305
163
164
165
168
166
167
171
169
170
174
172
173
175
178
176
177
181
179
180
185
182
183
184
186
188
187
191
189
190
194
192
193
196
202
198
199
200
201
204
203
208
205
206
207
217
212
213
215
214
216
220
218
219
224
223
227
225
226
247
245
246
250
248
249
253
251
252
279
277
278
276
254
275
261
255
256
258
259
260
272
269
270
271
268
262
263
265
266
267
257
264
281
280
285
284
283
282
274
273
288
286
287
295
289
290
292
291
293
294
302
296
297
298
299
300
301
310
303
304
306
305
307
308
309
321
311
313
312
314
316
315
317
318
319
320
