456
453
451
452
450
455
454
463
460
458
459
457
462
461
470
467
465
466
464
469
468
478
471
472
473
474
475
477
476
484
481
479
480
483
482
490
487
486
485
489
488
496
493
492
491
495
494
502
499
497
498
501
500
1080
1081
1083
1082
994
998
997
996
995
1001
1005
1004
1003
1002
1008
1012
1011
1010
1009
1015
1020
1019
1018
1017
1016
1197
1198
1201
1200
1199
1108
1110
1113
1112
1111
1109
1078
1077
1084
1042
1050
1055
1063
1068
672
1056
1043
534
504
526
524
525
523
549
547
548
546
651
650
585
581
583
584
582
580
598
594
596
597
595
593
614
613
617
616
626
625
633
632
640
639
648
647
653
652
655
654
657
656
659
658
661
660
663
662
665
664
667
666
