1314
1803
1542
1541
1543
1544
1547
1545
1540
1539
1528
1529
1349
1325
1530
1546
1550
1548
1549
1553
1551
1552
1554
1563
1555
1556
1561
1562
1614
1612
1613
1560
1559
1558
1557
1566
1564
1565
1570
1567
1326
1568
1569
1571
1573
1572
1327
1576
1574
1575
1579
1577
1578
1581
1580
1586
1582
1585
1584
1583
1588
1587
1594
1589
1591
1590
1593
1592
1596
1595
1598
1597
1601
1599
1600
1606
1602
1603
1605
1604
1611
1607
1608
1610
1609
1627
1615
1624
1616
1623
1622
1618
1620
1621
1619
1617
1626
1625
1631
1630
1629
1628
1668
1632
1665
1633
1634
1641
1660
1661
1659
1642
1643
1658
1653
1652
1651
1650
1664
1640
1636
1638
1639
1637
1635
1649
1645
1647
1648
1646
1644
1667
1666
1675
1674
1671
1672
1673
1670
1669
1687
1676
1684
1677
1681
1678
1680
1679
1686
1685
1683
1682
1694
1688
1689
1690
1693
1692
1691
1700
1695
1697
1696
1386
1384
1385
1699
1698
1712
1701
1709
1702
1707
1708
1706
1705
1704
1703
1711
1710
1734
1714
1713
1733
1722
1715
1719
1718
1717
1716
1721
1720
1725
1723
1724
1730
1726
1729
1728
1727
1732
1731
1746
1735
1743
1736
1741
1742
1740
1739
1738
1737
1745
1744
1756
1747
1753
1751
1750
1752
1749
1748
1755
1754
1766
1763
1759
1758
1757
1762
1761
1760
1765
1764
1778
1775
1770
1769
1771
1768
1767
1774
1773
1772
1777
1776
1796
1779
1793
1780
1781
1782
1785
1784
1783
1792
1791
1787
1789
1790
1788
1786
1795
1794
1798
1797
1800
1799
1802
1801
668
590
589
505
750
752
751
755
754
753
756
757
760
759
758
761
762
764
763
840
839
838
837
841
844
846
848
852
847
845
853
857
856
855
854
858
859
862
861
860
849
851
850
842
843
766
765
1299
1073
770
769
449
432
430
389
385
358
386
387
388
328
431
370
368
369
384
383
554
211
209
210
231
230
165
565
556
557
560
559
238
232
233
234
235
236
237
196
558
603
591
602
592
601
600
599
689
683
685
684
687
686
688
