691
690
693
692
1097
694
1096
1095
1094
1093
1092
1091
1090
1089
1088
695
698
697
696
771
809
810
813
812
811
814
815
817
816
1047
1049
1048
1046
1045
1052
1054
1053
1037
1039
1041
1040
1038
1264
1280
986
1279
1278
1277
1276
1275
1274
1273
1272
1271
1270
1269
1268
1267
1266
1265
993
1070
992
991
990
989
988
987
1071
1072
1074
1075
1076
1080
1081
1083
1082
1108
1110
1113
1112
1111
1109
1125
1126
1131
1130
1129
1128
1127
1050
1055
1063
1068
1105
1106
1107
819
818
820
1486
1477
1600
1598
1599
1483
1481
1480
1482
1479
1478
1546
1544
1545
1496
1493
1489
1488
1487
1492
1491
1490
1593
1588
1590
1589
1508
1505
1500
1499
1501
1498
1497
1449
1446
1447
1448
1504
1503
1502
876
878
880
890
879
877
891
894
893
892
895
896
897
881
886
889
888
887
885
882
884
883
869
828
827
830
829
831
1526
1509
1523
1510
1511
1512
1515
1514
1513
1522
1132
1135
1137
1139
1145
1138
1136
1148
1151
1150
1149
1147
1146
1152
1153
1140
1143
1144
1133
1134
1407
1406
1395
1388
1392
1391
1390
1389
1387
1386
1154
1158
1157
1156
1155
1162
1142
1141
1398
1396
1397
1159
1160
1161
1403
1399
1402
1401
1400
