1355
1856
1440
1426
1427
1428
1429
1425
1424
1431
1432
1433
1434
1435
1436
1430
1439
1438
1437
1855
1831
1832
1833
1830
1834
2247
1910
1904
1905
1836
1837
1838
1835
1839
1387
1365
1846
1841
1842
1843
1844
1845
1840
1467
1443
1444
1445
1446
1447
1448
1442
1441
1450
1451
1452
1453
1454
1455
1456
1457
1458
1459
1460
1461
1449
1465
1464
1466
1463
1462
2246
2240
2239
2242
2243
2244
2245
2241
1596
1583
1584
1585
1586
1582
1581
1587
2016
2001
2000
1860
2003
2004
2006
2005
2002
2007
2008
2011
2014
2015
2013
2012
1589
1590
1591
1588
1593
1592
1580
1576
1577
1575
1574
1578
1579
1595
1594
1605
1598
1599
1600
1601
1602
1597
1603
1870
1604
1614
1608
1609
1610
1611
1607
1606
1612
1613
1629
1617
1618
1619
1620
1616
1615
1621
1622
1623
1628
1627
1626
1625
1624
1489
1486
1479
1480
1478
1477
1481
1482
1485
1484
1684
1632
1633
1634
1635
1631
1630
1683
1638
1663
1644
1646
1647
1648
1645
1660
1650
1651
1652
1653
1654
1655
1649
1658
1657
1659
1656
1637
1636
1662
1661
1643
1639
1640
1642
1641
1680
1664
1666
1667
1668
1665
1670
1671
1672
1673
1674
1675
1669
1678
1677
1679
1676
1682
1681
1476
1470
1471
1472
1473
1469
1468
1474
1475
1483
1535
1524
1525
1526
1527
1523
1522
1528
1534
1533
1532
1530
1531
1529
1521
1491
1492
1493
1494
1495
1490
1520
1518
1519
1517
1423
1401
1402
1403
1404
1405
1406
1407
1400
1408
1410
1411
1412
1409
1414
1415
1416
1417
1418
1419
1413
1422
1421
1420
1399
1389
1390
1391
1392
1393
1394
1395
1388
1396
1397
1398
1573
1537
1538
1539
1540
1541
1536
1542
1999
1992
1994
1995
1996
1993
1998
1997
1544
1545
1546
1543
1570
1547
1548
1550
1551
1552
1553
1549
1554
1559
1561
1562
1563
1564
1565
1566
1560
1569
1568
1567
1558
1556
1557
1555
1859
1572
1571
2214
2186
1953
1943
1945
1946
1947
1944
1948
1950
1951
1952
1949
2188
2189
2190
2187
2211
2192
2193
2194
2195
2196
2197
2198
2199
2200
2201
2191
2205
2204
2206
2203
2202
2208
2209
2210
2207
2213
2212
1719
1686
1687
1688
1689
1690
1691
1692
1693
1695
1696
1694
1685
1698
1699
1700
1701
1702
1703
1697
1706
1705
1704
1708
1709
1710
1711
1712
1713
1714
1715
1707
1718
1717
1716
1942
1933
1935
1936
1937
1934
1939
1938
1766
1721
1722
1723
1724
1725
1726
1727
1728
1730
1731
1729
1720
1733
1734
1735
1736
1737
1738
1739
1740
1741
1742
1743
1744
1732
1748
1747
1749
1746
1745
1751
1752
1753
1754
1755
1756
1757
1758
1759
1760
1761
1762
1750
1765
1764
1763
1829
1796
1797
1798
1799
1800
1801
1802
1795
1803
1806
1807
1805
1804
1826
1808
1809
1825
1814
1818
1817
1816
1815
1820
1821
1822
1819
1824
1823
1828
1827
1386
1854
1850
1853
1852
1851
1849
1848
1847
