856
863
862
861
860
859
858
857
905
906
910
909
908
907
1209
1210
1215
1214
1213
1212
1211
1300
1301
1307
1306
1305
1304
1303
1302
1324
1325
1331
1330
1329
1328
1327
1326
1377
1376
1378
1379
1382
1381
1380
1162
1161
590
589
834
836
835
1048
1033
1040
1037
1035
1021
839
838
837
840
841
844
843
842
845
846
848
847
924
923
922
921
925
928
930
932
936
931
929
937
941
940
939
938
942
943
946
945
944
933
935
934
926
927
850
849
1383
1157
854
853
449
432
430
389
385
358
386
387
388
328
431
370
368
369
384
383
554
211
209
210
231
230
165
565
556
557
560
559
238
232
233
234
235
1388
1387
1386
236
162
161
160
73
72
1395
1391
237
196
42
558
603
591
602
592
601
600
599
