814
818
817
816
815
825
1199
1201
1203
1202
1200
1289
1295
1294
1293
1292
1291
1290
1369
1204
1207
1208
1206
1205
1198
607
605
606
604
13
12
11
9
8
10
16
15
14
1296
1297
1298
1299
392
390
391
331
329
330
395
393
394
244
242
241
239
240
243
618
608
609
615
610
36
31
30
35
33
34
611
168
166
167
612
32
22
17
18
20
21
19
864
866
865
869
868
867
870
871
874
873
872
875
876
878
877
880
879
884
883
435
433
434
555
564
563
562
163
561
1308
1309
1310
1311
627
619
620
624
621
623
622
1344
1345
1346
1347
649
642
646
643
645
644
1320
1321
1322
1323
634
628
629
631
630
1332
1334
1335
641
635
636
638
637
