1087
670
703
718
719
723
722
721
720
1195
1286
577
575
576
518
553
550
552
324
323
322
229
228
197
195
551
588
578
503
587
579
586
1115
1117
1119
1118
1116
1120
1123
1124
1122
1121
1114
607
605
606
604
13
12
11
9
8
10
16
15
14
1212
1213
1214
1215
392
390
391
331
329
330
395
393
394
244
242
241
239
240
243
618
608
609
615
610
36
31
30
35
33
34
611
168
166
167
612
32
22
17
18
20
21
19
1224
1225
1226
1227
627
619
620
624
621
623
622
1260
1261
1262
1263
649
642
646
643
645
644
1236
1237
1238
1239
634
628
629
631
630
1248
1249
1250
1251
641
635
636
638
637
