298
297
163
164
167
165
166
196
194
170
168
169
173
171
172
174
177
175
176
180
178
179
184
181
182
183
185
187
186
190
188
189
193
191
192
195
39
619
1349
1348
201
197
1345
1344
1343
198
200
162
161
160
73
72
199
203
202
207
204
206
205
216
211
212
215
214
213
219
217
218
223
222
226
224
225
244
242
243
250
248
249
253
251
252
286
283
284
285
290
287
289
288
292
291
296
293
295
294
247
245
246
260
254
255
256
259
258
257
267
261
262
264
263
266
265
275
268
269
272
271
270
274
273
282
276
277
278
279
281
280
