813
814
818
817
816
815
1158
1159
1160
1164
1165
1167
1166
1078
1082
1081
1080
1079
1085
1089
1088
1087
1086
1092
1096
1095
1094
1093
1099
1104
1103
1102
1101
1100
1110
1115
1114
1113
1112
1111
1247
1260
1262
1264
1274
1263
1261
1275
1278
1277
1276
1279
1370
1134
1139
1280
1265
1270
1273
1272
1271
1269
1266
1268
1267
1253
1028
1030
1032
1042
1031
1029
1043
1046
1045
1044
1047
1048
1033
1040
1037
1034
1036
1035
1008
1509
1494
1495
1503
1502
1504
1505
1508
1169
1170
1696
1694
1695
1523
1522
1521
1520
1421
1416
1417
1420
1419
