691
690
693
692
809
810
813
812
811
814
815
817
816
1125
1126
1131
1130
1129
1128
1127
1283
1284
1286
819
818
820
938
940
939
912
913
916
915
914
969
974
975
973
972
971
970
976
977
978
979
910
903
679
1487
1478
1484
1482
1481
1483
1480
1479
760
759
758
761
762
764
763
1073
770
769
1497
1494
1490
1489
1488
1493
1492
1491
1509
1506
1501
1500
1502
1499
1498
1450
1447
1448
1449
1505
1504
1503
876
878
880
890
879
877
891
894
893
892
895
896
897
881
886
889
888
887
885
882
884
883
869
828
827
830
829
831
1527
1510
1524
1511
1512
1513
1516
1515
1514
1523
1132
1135
1137
1139
1145
1138
1136
1148
1151
1150
1149
1147
1146
1152
1153
1140
1143
1144
1133
1134
1154
1158
1157
1156
1155
1162
1142
1141
1159
1160
1161
