1353
1352
1351
1350
1362
1359
1357
1356
1358
1355
1354
1361
1360
1368
1363
1365
1364
1367
1366
1371
1369
1370
1374
1372
1373
1383
1375
1380
1381
1382
1379
1378
1377
1376
1408
1407
1396
1389
1393
1392
1391
1390
1388
1387
1395
1394
1399
1397
1398
1404
1400
1403
1402
1401
1406
1405
1411
1409
1410
1427
1412
1413
1421
1420
1422
1423
1426
1419
1415
1417
1418
1416
1414
1437
1428
1436
1435
1434
1430
1432
1433
1431
1429
1441
1440
1439
1438
1425
1424
1446
1442
1445
1444
1443
1450
1447
1448
1449
1477
1451
1474
1452
1453
1460
1461
1462
1463
1473
1472
1471
1470
1459
1455
1457
1458
1456
1454
1469
1465
1467
1468
1466
1464
1476
1475
1487
1478
1484
1482
1481
1483
1480
1479
1486
1485
1497
1494
1490
1489
1488
1493
1492
1491
1496
1495
1509
1506
1501
1500
1502
1499
1498
1505
1504
1503
1508
1507
1527
1510
1524
1511
1512
1513
1516
1515
1514
1523
1522
1518
1520
1521
1519
1517
1526
1525
1348
1538
1534
1537
1536
1535
1533
1532
1531
1014
537
536
534
535
490
487
486
485
1032
1034
1033
1035
1036
541
539
540
538
496
493
492
491
1021
1023
1022
1024
1025
545
543
544
542
810
813
812
811
814
815
817
816
819
818
820
876
878
880
890
879
877
891
894
893
892
895
896
897
881
886
889
888
887
885
882
884
883
869
828
827
830
829
831
1132
1135
1137
1139
1145
1138
1136
1148
1151
1150
1149
1147
1146
1152
1153
1140
1143
1144
1133
1134
1154
1158
1157
1156
1155
1162
1142
1141
1159
1160
1161
