162
161
160
40
41
42
45
43
44
73
72
1313
1309
48
46
47
51
49
50
52
55
53
54
58
56
57
62
59
60
61
63
65
64
68
66
67
71
69
70
77
74
1312
1311
75
76
79
78
82
80
81
84
83
86
85
89
87
88
92
90
91
96
93
94
95
99
97
98
101
100
103
102
109
104
105
106
107
108
112
110
111
115
113
114
118
116
117
121
119
120
124
122
123
128
125
126
127
131
129
130
133
132
136
134
135
139
137
138
144
140
141
142
143
149
145
146
147
148
154
150
151
152
153
159
155
39
156
157
158
1204
1205
1211
1210
1209
1208
1207
1206
1252
1253
1259
1258
1257
1256
1255
1254
1216
1217
1223
1222
1221
1220
1219
1218
1186
1189
1188
1187
1169
1085
1086
163
164
174
172
173
175
181
179
180
186
188
187
191
189
190
194
192
193
1308
1307
202
198
199
200
201
204
203
208
205
206
207
217
212
213
215
214
216
220
218
219
224
223
227
225
226
247
245
246
250
248
249
253
251
252
279
277
278
276
254
275
261
255
256
258
259
260
272
269
270
271
268
262
263
265
266
267
257
264
281
280
285
284
283
282
274
273
288
286
287
295
289
290
292
291
293
294
302
296
297
298
299
300
301
310
303
304
306
305
307
308
309
321
311
313
312
314
316
315
317
318
319
320
