703
853
854
858
857
856
855
864
865
868
867
866
750
751
755
754
753
752
1093
1096
1098
1097
1095
1094
1895
1049
1050
1897
1896
1068
1070
1069
1071
1072
1900
1898
1899
1057
1059
1058
1060
1061
1903
1901
1902
1858
1857
1881
1880
1879
1878
1894
1887
1888
1890
1891
1892
1889
1893
1909
1907
1908
1906
1932
1913
1915
1916
1917
1914
1919
1920
1921
1922
1923
1924
1918
1927
1926
1925
1929
1930
1931
1928
1941
1940
1961
1960
1970
1969
1991
1977
1979
1980
1981
1978
1988
1982
1987
1986
1984
1985
1983
1990
1989
2048
2017
2019
2020
2021
2018
2040
2022
2024
2025
2026
2023
2037
2027
2028
2043
2045
2046
2047
2044
2036
2032
2035
2034
2033
2031
2030
2029
2042
2041
2039
2038
2060
2050
2051
2052
2053
2049
2054
2055
2057
2058
2059
2056
2070
2061
2063
2064
2065
2062
2067
2066
2069
2068
2086
2071
2073
2074
2075
2072
2083
2076
2077
2082
2081
2080
2079
2078
2085
2084
2137
2108
2103
2105
2106
2107
2104
2136
2109
2123
2114
2116
2117
2118
2115
2121
2120
2122
2119
2113
2110
2112
2111
2133
2124
2126
2127
2128
2125
2131
2130
2132
2129
2135
2134
2101
2100
2157
2139
2140
2141
2142
2143
2144
2138
2147
2146
2145
2151
2150
2152
2149
2148
2154
2155
2156
2153
2185
2159
2160
2161
2162
2163
2164
2165
2166
2167
2168
2169
2170
2158
2174
2173
2175
2172
2171
2179
2178
2180
2177
2176
2182
2183
2184
2181
2238
2215
2217
2218
2219
2216
2235
2220
2224
2223
2222
2221
2226
2227
2228
2225
2230
2229
2232
2233
2234
2231
2237
2236
