1044
1047
1049
1048
1046
1045
1052
1054
1053
994
998
997
996
995
1163
1165
1168
1167
1166
1164
1252
1253
1259
1258
1257
1256
1255
1254
1228
1229
1235
1234
1233
1232
1231
1230
1042
1050
1105
1106
1107
999
1000
1006
1007
504
517
515
516
514
526
524
525
523
537
536
535
541
539
540
538
545
543
544
542
549
547
548
546
651
650
585
581
583
584
582
580
598
594
596
597
595
593
614
613
617
616
626
625
634
628
629
631
630
633
632
641
635
636
638
637
640
639
648
647
653
652
655
654
657
656
659
658
661
660
663
662
665
664
667
666
