1037
1039
1041
1040
1038
1264
1280
986
1279
1278
1277
1276
1275
1274
1273
1272
1271
1270
1269
1268
1267
1266
1265
993
1070
992
991
990
989
988
987
1001
1005
1004
1003
1002
1115
1117
1119
1118
1116
1063
1068
1120
1123
1124
1122
1121
1114
607
605
606
604
13
12
11
9
8
10
16
15
14
917
757
766
765
1212
1213
1214
1215
432
430
431
244
242
241
239
240
243
618
608
609
615
610
36
31
30
35
33
34
611
565
556
557
560
559
558
509
507
508
506
612
32
22
17
18
1224
1225
1226
1227
627
619
620
624
621
623
622
1262
1263
649
642
646
643
645
644
1238
1239
1250
1251
