772
779
778
777
776
775
774
773
801
802
808
807
806
805
804
803
718
719
723
722
721
720
1026
1031
1030
1029
1028
1027
1163
1165
1168
1167
1166
1164
1170
1172
1171
1216
1217
1223
1222
1221
1220
1219
1218
1281
1282
1283
1284
1105
1106
1107
568
566
567
999
1000
571
569
570
1006
1007
574
572
573
1547
1545
1546
810
813
812
811
814
815
817
816
819
818
820
876
878
880
890
879
877
891
894
893
892
895
896
897
881
886
889
888
887
885
882
884
883
869
828
827
830
829
831
1132
1135
1137
1139
1145
1138
1136
1148
1151
1150
1149
1147
1146
1152
1153
1140
1143
1144
1133
1134
1154
1158
1157
1156
1155
1162
1142
1141
1159
1160
1161
