668
503
504
505
509
507
508
506
513
511
512
510
517
515
516
514
518
522
520
521
519
534
568
566
567
590
589
526
524
525
523
533
527
532
529
528
531
530
537
536
535
541
539
540
538
545
543
544
542
549
547
548
546
553
550
552
551
651
650
554
565
556
557
560
559
558
555
571
569
570
574
572
573
577
575
576
588
578
587
579
586
585
581
583
584
582
580
603
591
602
592
601
600
599
598
594
596
597
595
593
607
605
606
604
618
608
609
615
610
611
241
239
240
612
614
613
617
616
627
619
620
624
621
626
625
634
628
629
631
630
633
632
641
635
636
638
637
640
639
649
642
646
643
645
644
648
647
653
652
655
654
657
656
659
658
661
660
663
662
665
664
667
666
