671
719
723
722
721
720
1057
1060
1062
1061
1059
1058
1008
1012
1011
1010
1009
1015
1020
1019
1018
1017
1016
1026
1031
1030
1029
1028
1027
1163
1165
1168
1167
1166
1164
1170
1172
1171
1105
1106
1107
999
1000
1006
1007
1353
1352
1351
1350
1547
1545
1546
810
813
812
811
814
815
817
816
819
818
820
1487
1478
1484
1482
1481
1483
1480
1479
1497
1494
1490
1489
1488
1493
1492
1491
1594
1589
1591
1590
1509
1506
1501
1500
1502
1499
1498
1505
1504
1503
876
878
880
890
879
877
891
894
893
892
895
896
897
881
886
889
888
887
885
882
884
883
869
828
827
830
829
831
1527
1510
1524
1511
1512
1513
1516
1515
1514
1523
1132
1135
1137
1139
1145
1138
1136
1148
1151
1150
1149
1147
1146
1152
1153
1140
1143
1144
1133
1134
1154
1158
1157
1156
1155
1162
1142
1141
1159
1160
1161
