916
917
920
919
918
1141
1144
1146
1145
1143
1142
1128
1131
1133
1132
1130
1129
1136
1138
1137
1348
1364
1070
1363
1362
1361
1360
1359
1358
1357
1356
1355
1354
1353
1352
1351
1350
1349
1199
1201
1203
1202
1200
1204
1207
1208
1206
1205
1198
1009
1011
1010
1001
1468
1466
1467
1296
1297
1298
1299
1450
1445
1757
1756
1753
1754
1755
1447
1446
1415
1413
1414
1429
1428
1308
1309
1310
1311
1453
1451
1452
1344
1345
1346
1347
1828
1817
1825
1818
1823
1824
1320
1321
1322
1323
1456
1454
1455
1332
1333
1334
1335
1465
1457
1462
1463
1464
