39
671
775
774
777
776
759
1171
754
755
825
826
833
832
831
830
829
828
827
802
803
807
806
805
804
1312
1313
1319
1318
1317
1316
1315
1314
1369
1139
1148
522
520
505
521
519
478
471
809
808
811
810
812
533
527
532
529
528
531
530
607
605
606
604
13
12
11
9
8
10
16
15
14
392
390
391
331
329
330
395
393
394
244
242
241
239
240
243
618
608
609
615
610
36
31
30
35
33
34
611
168
166
167
612
32
22
17
18
20
21
19
627
619
620
624
621
623
622
649
642
646
643
645
38
37
644
634
628
629
631
630
641
635
636
638
637
29
23
24
27
26
25
28
