162
161
160
40
41
42
45
43
44
73
72
1312
1308
48
46
47
51
49
50
52
55
53
54
58
56
57
62
59
60
61
63
65
64
68
66
67
71
69
70
77
74
1311
1310
75
76
79
78
82
80
81
84
83
86
85
89
87
88
92
90
91
96
93
94
95
99
97
98
101
100
103
102
109
104
105
106
107
108
112
110
111
115
113
114
118
116
117
121
119
120
124
122
123
128
125
126
127
131
129
130
133
132
136
134
135
139
137
138
144
140
141
142
143
149
145
146
147
148
154
150
151
152
153
159
155
156
157
158
1205
1211
1210
1209
1208
1207
1206
1252
1253
1259
1258
1257
1256
1255
1254
1216
1217
1223
1222
1221
1220
1219
1218
739
738
740
1445
1441
1570
1444
1443
1442
1580
1579
1326
1572
1571
1575
1573
1574
1578
1576
1577
