699
701
700
772
779
778
777
776
775
774
773
821
822
826
825
824
823
1280
986
1279
1278
1277
1276
1275
1274
1273
1272
1271
1270
1269
1268
1267
1266
1265
993
1070
992
991
990
989
988
987
1071
1072
1217
1223
1222
1221
1220
1219
1218
1228
1229
1235
1234
1233
1232
1231
1230
1288
1289
1291
1290
1293
1292
1294
1295
1298
1297
1296
1078
1077
1084
1055
1063
1068
702
672
1073
456
453
451
452
450
455
454
462
461
470
467
465
466
464
469
468
472
473
474
475
477
476
484
481
479
480
483
482
490
487
486
485
489
488
496
493
492
491
495
494
502
499
497
498
501
500
