1312
1313
1319
1318
1317
1316
1315
1314
1324
1325
1331
1330
1329
1328
1327
1326
1375
1374
1636
1408
1148
1645
1637
1638
1643
1644
1648
1646
1647
1532
1529
1530
1531
894
897
896
895
898
899
901
900
903
902
904
1569
1560
1566
1564
1563
1565
1562
1561
1676
1671
1673
1672
1591
1588
1583
1582
1584
1581
1580
1587
1586
1585
960
962
964
974
963
961
975
978
977
976
979
980
981
965
970
973
972
971
969
966
968
967
953
912
911
914
913
915
1609
1592
1606
1593
1594
1595
1598
1597
1596
1605
1216
1219
1221
1223
1229
1222
1220
1232
1235
1234
1233
1231
1230
1236
1237
1224
1227
1228
1217
1218
1490
1489
1478
1471
1475
1474
1473
1472
1470
1469
1238
1242
1241
1240
1239
1246
1226
1225
1481
1479
1480
1243
1244
1245
1486
1482
1485
1484
1483
