1312
1308
1311
1309
1310
1057
1060
1062
1061
1059
1058
1001
1005
1004
1003
1002
1115
1117
1119
1118
1116
1204
1205
1211
1210
1209
1208
1207
1206
1252
1253
1259
1258
1257
1256
1255
1254
1240
1241
1247
1246
1245
1244
1243
1242
1281
1282
1283
1284
1285
1042
1050
607
605
606
604
13
12
11
9
8
10
16
15
14
757
760
759
758
761
762
764
763
766
765
244
242
241
239
240
243
618
608
609
615
610
36
31
611
560
559
168
166
167
558
612
1224
1225
1226
1227
627
619
620
624
621
623
622
649
642
646
643
645
644
1238
1239
1250
1251
