324
323
322
163
164
165
168
166
167
197
195
171
169
170
174
172
173
175
178
176
177
181
179
180
185
182
183
184
186
188
187
191
189
190
194
192
193
196
39
1307
202
198
1304
1303
1302
199
200
201
204
203
208
205
206
207
211
209
210
217
212
213
215
214
216
220
218
219
222
221
224
223
227
225
226
229
228
231
230
238
232
233
234
235
236
237
241
239
240
244
242
243
247
245
246
250
248
249
253
251
252
279
277
278
276
254
275
261
255
256
258
259
260
272
269
270
271
268
262
263
265
266
267
257
264
281
280
285
284
283
282
274
273
288
286
287
295
289
290
292
291
293
294
302
296
297
298
299
300
301
310
303
304
306
305
307
308
309
321
311
313
312
314
316
315
317
318
319
320
1228
1229
1235
1234
1233
1232
1231
1230
1240
1241
1247
1246
1245
1244
1243
1242
1281
1282
1283
1284
1288
1289
672
1173
1069
509
507
508
506
456
453
451
452
450
517
515
516
514
470
467
465
466
464
