1097
694
1096
1095
1094
1093
1092
1091
1090
1089
1088
695
698
697
696
1353
1352
1351
1350
1362
1359
1357
1356
1358
1355
1354
1361
1360
1368
1363
1365
1364
1367
1366
1371
1369
1370
1374
1372
1373
1383
1375
1380
1381
1382
1379
1378
1377
1376
1408
1407
1396
1389
1393
1392
1391
1390
1388
1387
1395
1394
1399
1397
1398
1404
1400
1403
1402
1401
1406
1405
1411
1409
1410
1427
1412
1413
1421
1420
1422
1423
1426
1419
1415
1417
1418
1416
1414
1437
1428
1436
1435
1434
1430
1432
1433
1431
1429
1441
1440
1439
1438
1425
1424
1477
1451
1474
1452
1453
1460
1461
1462
1463
1473
1472
1471
1470
1459
1455
1457
1458
1456
1454
1469
1465
1467
1468
1466
1464
1476
1475
1486
1485
1496
1495
1508
1507
1522
1518
1520
1521
1519
1517
1526
1525
1538
1534
1537
1536
1535
1533
1532
1531
